+---------+---------------+----------+
18:07:50,377,602   ETHER
|0   |01|80|c2|00|00|00|00|1d|46|f5|01|85|00|26|42|42|03|00|00|00|00|00|80|0b|00|15|f9|f8|2c|80|00|00|00|13|80|0b|00|1d|46|f5|01|80|80|05|01|00|14|00|02|00|0f|00|00|00|00|00|00|00|00|00|

+---------+---------------+----------+
18:07:51,158,708   ETHER
|0   |01|00|0c|cc|cc|cc|00|1d|46|f5|01|85|01|c7|aa|aa|03|00|00|0c|20|00|02|b4|d8|f0|00|01|00|0a|53|77|69|74|63|68|00|05|00|fb|43|69|73|63|6f|20|49|4f|53|20|53|6f|66|74|77|61|72|65|2c|20|43|33|37|35|30|20|53|6f|66|74|77|61|72|65|20|28|43|33|37|35|30|2d|49|50|53|45|52|56|49|43|45|53|4b|39|2d|4d|29|2c|20|56|65|72|73|69|6f|6e|20|31|35|2e|30|28|32|29|53|45|31|30|2c|20|52|45|4c|45|41|53|45|20|53|4f|46|54|57|41|52|45|20|28|66|63|32|29|0a|54|65|63|68|6e|69|63|61|6c|20|53|75|70|70|6f|72|74|3a|20|68|74|74|70|3a|2f|2f|77|77|77|2e|63|69|73|63|6f|2e|63|6f|6d|2f|74|65|63|68|73|75|70|70|6f|72|74|0a|43|6f|70|79|72|69|67|68|74|20|28|63|29|20|31|39|38|36|2d|32|30|31|36|20|62|79|20|43|69|73|63|6f|20|53|79|73|74|65|6d|73|2c|20|49|6e|63|2e|0a|43|6f|6d|70|69|6c|65|64|20|4d|6f|6e|20|31|38|2d|4a|75|6c|2d|31|36|20|30|32|3a|31|31|20|62|79|20|70|72|6f|64|5f|72|65|6c|5f|74|65|61|6d|00|06|00|18|63|69|73|63|6f|20|57|53|2d|43|33|37|35|30|47|2d|34|38|50|53|00|02|00|11|00|00|00|01|01|01|cc|00|04|ac|10|0b|fd|00|03|00|18|47|69|67|61|62|69|74|45|74|68|65|72|6e|65|74|31|2f|30|2f|35|00|04|00|08|00|00|00|29|00|08|00|24|00|00|0c|01|12|00|00|00|00|ff|ff|ff|ff|01|02|21|ff|00|00|00|00|00|00|00|1d|46|f5|01|80|ff|00|00|00|09|00|09|63|69|73|63|6f|00|0a|00|06|00|0b|00|0b|00|05|01|00|12|00|05|00|00|13|00|05|00|00|16|00|11|00|00|00|01|01|01|cc|00|04|ac|10|0b|fd|00|1a|00|10|00|00|00|01|00|00|00|00|ff|ff|ff|ff|00|1f|00|05|00|10|03|00|05|31|

+---------+---------------+----------+
18:07:52,378,061   ETHER
|0   |01|80|c2|00|00|00|00|1d|46|f5|01|85|00|26|42|42|03|00|00|00|00|00|80|0b|00|15|f9|f8|2c|80|00|00|00|13|80|0b|00|1d|46|f5|01|80|80|05|01|00|14|00|02|00|0f|00|00|00|00|00|00|00|00|00|

+---------+---------------+----------+
18:07:54,380,004   ETHER
|0   |01|80|c2|00|00|00|00|1d|46|f5|01|85|00|26|42|42|03|00|00|00|00|00|80|0b|00|15|f9|f8|2c|80|00|00|00|13|80|0b|00|1d|46|f5|01|80|80|05|01|00|14|00|02|00|0f|00|00|00|00|00|00|00|00|00|

+---------+---------------+----------+
18:07:56,377,528   ETHER
|0   |01|80|c2|00|00|00|00|1d|46|f5|01|85|00|26|42|42|03|00|00|00|00|00|80|0b|00|15|f9|f8|2c|80|00|00|00|13|80|0b|00|1d|46|f5|01|80|80|05|01|00|14|00|02|00|0f|00|00|00|00|00|00|00|00|00|

+---------+---------------+----------+
18:07:58,379,470   ETHER
|0   |01|80|c2|00|00|00|00|1d|46|f5|01|85|00|26|42|42|03|00|00|00|00|00|80|0b|00|15|f9|f8|2c|80|00|00|00|13|80|0b|00|1d|46|f5|01|80|80|05|01|00|14|00|02|00|0f|00|00|00|00|00|00|00|00|00|

+---------+---------------+----------+
18:08:00,378,553   ETHER
|0   |01|80|c2|00|00|00|00|1d|46|f5|01|85|00|26|42|42|03|00|00|00|00|00|80|0b|00|15|f9|f8|2c|80|00|00|00|13|80|0b|00|1d|46|f5|01|80|80|05|01|00|14|00|02|00|0f|00|00|00|00|00|00|00|00|00|

+---------+---------------+----------+
18:08:02,377,433   ETHER
|0   |01|80|c2|00|00|00|00|1d|46|f5|01|85|00|26|42|42|03|00|00|00|00|00|80|0b|00|15|f9|f8|2c|80|00|00|00|13|80|0b|00|1d|46|f5|01|80|80|05|01|00|14|00|02|00|0f|00|00|00|00|00|00|00|00|00|

+---------+---------------+----------+
18:08:04,377,982   ETHER
|0   |01|80|c2|00|00|00|00|1d|46|f5|01|85|00|26|42|42|03|00|00|00|00|00|80|0b|00|15|f9|f8|2c|80|00|00|00|13|80|0b|00|1d|46|f5|01|80|80|05|01|00|14|00|02|00|0f|00|00|00|00|00|00|00|00|00|

+---------+---------------+----------+
18:08:06,379,275   ETHER
|0   |01|80|c2|00|00|00|00|1d|46|f5|01|85|00|26|42|42|03|00|00|00|00|00|80|0b|00|15|f9|f8|2c|80|00|00|00|13|80|0b|00|1d|46|f5|01|80|80|05|01|00|14|00|02|00|0f|00|00|00|00|00|00|00|00|00|

+---------+---------------+----------+
18:08:08,379,348   ETHER
|0   |01|80|c2|00|00|00|00|1d|46|f5|01|85|00|26|42|42|03|00|00|00|00|00|80|0b|00|15|f9|f8|2c|80|00|00|00|13|80|0b|00|1d|46|f5|01|80|80|05|01|00|14|00|02|00|0f|00|00|00|00|00|00|00|00|00|

+---------+---------------+----------+
18:08:10,380,838   ETHER
|0   |01|80|c2|00|00|00|00|1d|46|f5|01|85|00|26|42|42|03|00|00|00|00|00|80|0b|00|15|f9|f8|2c|80|00|00|00|13|80|0b|00|1d|46|f5|01|80|80|05|01|00|14|00|02|00|0f|00|00|00|00|00|00|00|00|00|

+---------+---------------+----------+
18:08:12,377,913   ETHER
|0   |01|80|c2|00|00|00|00|1d|46|f5|01|85|00|26|42|42|03|00|00|00|00|00|80|0b|00|15|f9|f8|2c|80|00|00|00|13|80|0b|00|1d|46|f5|01|80|80|05|01|00|14|00|02|00|0f|00|00|00|00|00|00|00|00|00|

+---------+---------------+----------+
18:08:14,380,094   ETHER
|0   |01|80|c2|00|00|00|00|1d|46|f5|01|85|00|26|42|42|03|00|00|00|00|00|80|0b|00|15|f9|f8|2c|80|00|00|00|13|80|0b|00|1d|46|f5|01|80|80|05|01|00|14|00|02|00|0f|00|00|00|00|00|00|00|00|00|

+---------+---------------+----------+
18:08:16,379,625   ETHER
|0   |01|80|c2|00|00|00|00|1d|46|f5|01|85|00|26|42|42|03|00|00|00|00|00|80|0b|00|15|f9|f8|2c|80|00|00|00|13|80|0b|00|1d|46|f5|01|80|80|05|01|00|14|00|02|00|0f|00|00|00|00|00|00|00|00|00|

+---------+---------------+----------+
18:08:18,379,680   ETHER
|0   |01|80|c2|00|00|00|00|1d|46|f5|01|85|00|26|42|42|03|00|00|00|00|00|80|0b|00|15|f9|f8|2c|80|00|00|00|13|80|0b|00|1d|46|f5|01|80|80|05|01|00|14|00|02|00|0f|00|00|00|00|00|00|00|00|00|

+---------+---------------+----------+
18:08:20,378,665   ETHER
|0   |01|80|c2|00|00|00|00|1d|46|f5|01|85|00|26|42|42|03|00|00|00|00|00|80|0b|00|15|f9|f8|2c|80|00|00|00|13|80|0b|00|1d|46|f5|01|80|80|05|01|00|14|00|02|00|0f|00|00|00|00|00|00|00|00|00|

+---------+---------------+----------+
18:08:22,382,215   ETHER
|0   |01|80|c2|00|00|00|00|1d|46|f5|01|85|00|26|42|42|03|00|00|00|00|00|80|0b|00|15|f9|f8|2c|80|00|00|00|13|80|0b|00|1d|46|f5|01|80|80|05|01|00|14|00|02|00|0f|00|00|00|00|00|00|00|00|00|

+---------+---------------+----------+
18:08:24,378,585   ETHER
|0   |01|80|c2|00|00|00|00|1d|46|f5|01|85|00|26|42|42|03|00|00|00|00|00|80|0b|00|15|f9|f8|2c|80|00|00|00|13|80|0b|00|1d|46|f5|01|80|80|05|01|00|14|00|02|00|0f|00|00|00|00|00|00|00|00|00|

+---------+---------------+----------+
18:08:26,379,620   ETHER
|0   |01|80|c2|00|00|00|00|1d|46|f5|01|85|00|26|42|42|03|00|00|00|00|00|80|0b|00|15|f9|f8|2c|80|00|00|00|13|80|0b|00|1d|46|f5|01|80|80|05|01|00|14|00|02|00|0f|00|00|00|00|00|00|00|00|00|

+---------+---------------+----------+
18:08:28,378,892   ETHER
|0   |01|80|c2|00|00|00|00|1d|46|f5|01|85|00|26|42|42|03|00|00|00|00|00|80|0b|00|15|f9|f8|2c|80|00|00|00|13|80|0b|00|1d|46|f5|01|80|80|05|01|00|14|00|02|00|0f|00|00|00|00|00|00|00|00|00|

+---------+---------------+----------+
18:08:30,394,872   ETHER
|0   |01|80|c2|00|00|00|00|1d|46|f5|01|85|00|26|42|42|03|00|00|00|00|00|80|0b|00|15|f9|f8|2c|80|00|00|00|13|80|0b|00|1d|46|f5|01|80|80|05|01|00|14|00|02|00|0f|00|00|00|00|00|00|00|00|00|

+---------+---------------+----------+
18:08:32,378,715   ETHER
|0   |01|80|c2|00|00|00|00|1d|46|f5|01|85|00|26|42|42|03|00|00|00|00|00|80|0b|00|15|f9|f8|2c|80|00|00|00|13|80|0b|00|1d|46|f5|01|80|80|05|01|00|14|00|02|00|0f|00|00|00|00|00|00|00|00|00|

+---------+---------------+----------+
18:08:34,378,896   ETHER
|0   |01|80|c2|00|00|00|00|1d|46|f5|01|85|00|26|42|42|03|00|00|00|00|00|80|0b|00|15|f9|f8|2c|80|00|00|00|13|80|0b|00|1d|46|f5|01|80|80|05|01|00|14|00|02|00|0f|00|00|00|00|00|00|00|00|00|

+---------+---------------+----------+
18:08:36,378,774   ETHER
|0   |01|80|c2|00|00|00|00|1d|46|f5|01|85|00|26|42|42|03|00|00|00|00|00|80|0b|00|15|f9|f8|2c|80|00|00|00|13|80|0b|00|1d|46|f5|01|80|80|05|01|00|14|00|02|00|0f|00|00|00|00|00|00|00|00|00|

+---------+---------------+----------+
18:08:38,380,033   ETHER
|0   |01|80|c2|00|00|00|00|1d|46|f5|01|85|00|26|42|42|03|00|00|00|00|00|80|0b|00|15|f9|f8|2c|80|00|00|00|13|80|0b|00|1d|46|f5|01|80|80|05|01|00|14|00|02|00|0f|00|00|00|00|00|00|00|00|00|

